id|employee_id|year|jan|feb|mar|apr|may|jun|jul|aug|sep|oct|nov|dec|total_basic|thirteenth_month|bonus|status|released_date
13M001|EMP001|2025|14300|14300|14300|14300|14300|14300|0|0|0|0|0|0|85800.00|7150.00|5000.00|released|2026-06-14
13M002|EMP002|2025|12100|12100|12100|12100|12100|12100|0|0|0|0|0|0|72600.00|6050.00|3000.00|pending|
13M003|EMP003|2025|0.00|0.00|0.00|0.00|6375.00|0.00|0.00|0.00|0.00|0.00|0.00|0.00|6375.00|531.25|0.00|pending|
13M004|EMP001|2026|0.00|0.00|0.00|0.00|0.00|0.00|0.00|0.00|0.00|0.00|0.00|0.00|0.00|0.00|0.00|pending|
13M005|EMP002|2026|0.00|0.00|0.00|0.00|0.00|0.00|0.00|0.00|0.00|0.00|0.00|0.00|0.00|0.00|0.00|pending|
13M006|EMP003|2026|0.00|0.00|0.00|0.00|0.00|0.00|0.00|0.00|0.00|0.00|0.00|0.00|0.00|0.00|0.00|pending|
13M007|EMP004|2026|0.00|0.00|0.00|0.00|0.00|0.00|0.00|0.00|0.00|0.00|0.00|0.00|0.00|0.00|0.00|pending|
13M008|EMP005|2026|0.00|0.00|0.00|0.00|0.00|0.00|0.00|0.00|0.00|0.00|0.00|0.00|0.00|0.00|0.00|pending|
13M010|EMP008|2026|0.00|0.00|0.00|0.00|0.00|0.00|0.00|0.00|0.00|0.00|0.00|0.00|0.00|0.00|0.00|pending|
